0 1935
1 1830
2 1908
3 1899
4 1863
5 1837
6 1886
7 1919
8 1866
9 1913
10 1910
11 1918
12 1907
13 1868
14 1870
15 1884
16 1916
17 1934
18 1914
19 1875
20 1830
21 1893
22 1847
23 1939
24 1886
25 1905
26 1864
27 1849
28 1880
29 1854
30 1867
31 1908
32 1869
33 1898
34 1908
35 1888
36 1902
37 1875
38 1803
39 1862
40 1855
41 1953
42 1841
43 1921
44 1924
45 1852
46 1853
47 1798
48 1869
49 1931
50 1873
51 1862
52 1863
53 1894
54 1881
55 1851
56 1918
57 1891
58 1923
59 1869
60 1818
61 1878
62 1869
63 1904
64 1879
65 1866
66 1911
67 1851
68 1847
69 1916
70 1905
71 1906
72 1861
73 1868
74 1907
75 1872
76 1847
77 1854
78 1911
79 1908
80 1849
81 1900
82 1841
83 1902
84 1889
85 1906
86 1906
87 1829
88 1810
89 1938
90 1903
91 1884
92 1904
93 1931
94 1892
95 1850
96 1890
97 1877
98 1868
99 1880
100 1926
101 1904
102 1811
103 1944
104 1884
105 1876
106 1868
107 1880
108 1824
109 1898
110 1815
111 1866
112 1886
113 1861
114 1901
115 1840
116 1965
117 1849
118 1918
119 1905
120 1926
121 1866
122 1817
123 1851
124 1895
125 1917
126 1903
127 1877
128 1930
129 1851
130 1863
131 1858
132 1869
133 1882
134 1912
135 1901
136 1866
137 1794
138 1880
139 1864
140 1931
141 1877
142 1894
143 1849
144 1920
145 1834
146 1893
147 1851
148 1905
149 1882
150 1895
151 1859
152 1943
153 1904
154 1877
155 1892
156 1921
157 1807
158 1871
159 1942
160 1879
161 1926
162 1916
163 1873
164 1926
165 1837
166 1925
167 1918
168 1920
169 1817
170 1938
171 1902
172 1829
173 1892
174 1885
175 1853
176 1862
177 1889
178 1881
179 1905
180 1902
181 1914
182 1875
183 1888
184 1906
185 1891
186 1872
187 1846
188 1929
189 1927
190 1882
191 1891
192 1857
193 1888
194 1853
195 1852
196 1868
197 1898
198 1892
199 1919
200 1844
201 1901
202 1835
203 1889
204 1831
205 1869
206 1901
207 1860
208 1917
209 1929
210 1879
211 1858
212 1884
213 1885
214 1872
215 1955
216 1895
217 1874
218 1911
219 1892
220 1845
221 1855
222 1949
223 1925
224 1865
225 1887
226 1900
227 1864
228 1899
229 1870
230 1910
231 1933
232 1865
233 1849
234 1843
235 1851
236 1862
237 1903
238 1951
239 1894
240 1853
241 1907
242 1934
243 1868
244 1912
245 1852
246 1853
247 1854
248 1844
249 1852
250 1855
251 1883
252 1842
253 1880
254 1879
255 1886
256 1864
257 1853
258 1861
259 1912
260 1862
261 1845
262 1839
263 1878
264 1890
265 1901
266 1820
267 1900
268 1873
269 1874
270 1896
271 1837
272 1867
273 1902
274 1884
275 1881
276 1922
277 1857
278 1849
279 1882
280 1893
281 1884
282 1813
283 1894
284 1821
285 1865
286 1862
287 1885
288 1935
289 1871
290 1945
291 1912
292 1885
293 1885
294 1857
295 1898
296 1867
297 1905
298 1930
299 1874
300 1900
301 1836
302 1902
303 1893
304 1868
305 1874
306 1867
307 1827
308 1915
309 1904
310 1891
311 1856
312 1856
313 1859
314 1907
315 1911
316 1987
317 1861
318 1840
319 1843
320 1850
321 1894
322 1892
323 1831
324 1892
325 1913
326 1928
327 1860
328 1832
329 1912
330 1848
331 1861
332 1883
333 1843
334 1904
335 1894
336 1891
337 1862
338 1866
339 1866
340 1893
341 1894
342 1896
343 1870
344 1893
345 1898
346 1851
347 1882
348 1877
349 1915
350 1855
351 1852
352 1931
353 1874
354 1841
355 1859
356 1877
357 1863
358 1867
359 1891
360 1862
361 1872
362 1893
363 1926
364 1904
365 1865
366 1812
367 1829
368 1856
369 1883
370 1882
371 1861
372 1898
373 1856
374 1898
375 1852
376 1894
377 1861
378 1905
379 1857
380 1931
381 1925
382 1859
383 1875
384 1939
385 1845
386 1878
387 1879
388 1891
389 1884
390 1935
391 1868
392 1831
393 1875
394 1883
395 1843
396 1864
397 1933
398 1856
399 1845
400 1892
401 1899
402 1825
403 1891
404 1959
405 1922
406 1870
407 1899
408 1864
409 1908
410 1848
411 1860
412 1881
413 1848
414 1888
415 1870
416 1906
417 1890
418 1907
419 1918
420 1921
421 1812
422 1889
423 1849
424 1946
425 1886
426 1922
427 1891
428 1875
429 1861
430 1929
431 1886
432 1885
433 1920
434 1852
435 1864
436 1902
437 1897
438 1961
439 1943
440 1834
441 1897
442 1878
443 1861
444 1840
445 1875
446 1916
447 1791
448 1921
449 1941
450 1857
451 1892
452 1830
453 1905
454 1898
455 1930
456 1872
457 1914
458 1884
459 1903
460 1879
461 1866
462 1872
463 1889
464 1914
465 1854
466 1848
467 1870
468 1889
469 1932
470 1909
471 1925
472 1922
473 1840
474 1864
475 1879
476 1858
477 1857
478 1838
479 1905
480 1893
481 1905
482 1909
483 1870
484 1865
485 1938
486 1915
487 1875
488 1917
489 1853
490 1885
491 1869
492 1939
493 1872
494 1851
495 1846
496 1898
497 1853
498 1890
499 1854
500 1881
501 1886
502 1870
503 1866
504 1865
505 1855
506 1878
507 1896
508 1892
509 1853
510 1891
511 1910
512 1902
513 1900
514 1866
515 1891
516 1815
517 1946
518 1898
519 1886
520 1858
521 1901
522 1875
523 1910
524 1899
525 1907
526 1888
527 1905
528 1916
529 1904
530 1925
531 1894
532 1905
533 1917
534 1885
535 1914
536 1867
537 1871
538 1929
539 1897
540 1844
541 1880
542 1901
543 1942
544 1832
545 1909
546 1902
547 1858
548 1935
549 1930
550 1925
551 1861
552 1876
553 1881
554 1866
555 1892
556 1848
557 1894
558 1925
559 1886
560 1884
561 1862
562 1898
563 1888
564 1913
565 1902
566 1905
567 1871
568 1900
569 1854
570 1902
571 1834
572 1856
573 1833
574 1845
575 1875
576 1855
577 1833
578 1895
579 1879
580 1894
581 1912
582 1856
583 1935
584 1916
585 1904
586 1911
587 1820
588 1928
589 1865
590 1908
591 1907
592 1878
593 1874
594 1898
595 1908
596 1931
597 1882
598 1902
599 1849
600 1881
601 1927
602 1934
603 1970
604 1931
605 1926
606 1865
607 1934
608 1896
609 1891
610 1849
611 1853
612 1940
613 1918
614 1889
615 1927
616 1891
617 1869
618 1851
619 1878
620 1890
621 1903
622 1911
623 1928
624 1933
625 1888
626 1851
627 1896
628 1860
629 1827
630 1878
631 1869
632 1933
633 1860
634 1891
635 1828
636 1822
637 1896
638 1869
639 1879
640 1924
641 1857
642 1913
643 1889
644 1844
645 1867
646 1846
647 1922
648 1918
649 1837
650 1874
651 1869
652 1851
653 1840
654 1828
655 1862
656 1925
657 1903
658 1903
659 1898
660 1851
661 1878
662 1890
663 1925
664 1878
665 1876
666 1904
667 1913
668 1867
669 1887
670 1864
671 1858
672 1858
673 1844
674 1866
675 1831
676 1848
677 1846
678 1904
679 1889
680 1825
681 1900
682 1868
683 1857
684 1909
685 1865
686 1850
687 1877
688 1931
689 1862
690 1874
691 1912
692 1902
693 1862
694 1834
695 1871
696 1936
697 1887
698 1845
699 1895
700 1935
701 1884
702 1871
703 1897
704 1942
705 1881
706 1888
707 1865
708 1901
709 1855
710 1954
711 1922
712 1811
713 1899
714 1798
715 1851
716 1890
717 1852
718 1881
719 1851
720 1874
721 1920
722 1998
723 1908
724 1828
725 1930
726 1891
727 1892
728 1878
729 1861
730 1879
731 1935
732 1924
733 1868
734 1853
735 1895
736 1902
737 1911
738 1890
739 1899
740 1877
741 1891
742 1843
743 1892
744 1889
745 1890
746 1891
747 1893
748 1895
749 1873
750 1880
751 1915
752 1859
753 1919
754 1877
755 1865
756 1911
757 1903
758 1928
759 1818
760 1868
761 1880
762 1858
763 1863
764 1876
765 1848
766 1897
767 1905
768 1886
769 1831
770 1871
771 1914
772 1873
773 1854
774 1865
775 1888
776 1901
777 1887
778 1906
779 1888
780 1887
781 1850
782 1902
783 1921
784 1961
785 1922
786 1914
787 1922
788 1844
789 1811
790 1966
791 1863
792 1854
793 1866
794 1879
795 1925
796 1902
797 1883
798 1853
799 1889
800 1945
801 1861
802 1920
803 1888
804 1808
805 1886
806 1895
807 1903
808 1881
809 1878
810 1853
811 1890
812 1893
813 1896
814 1961
815 1869
816 1861
817 1946
818 1902
819 1914
820 1871
821 1912
822 1876
823 1881
824 1895
825 1890
826 1848
827 1904
828 1862
829 1902
830 1903
831 1905
832 1925
833 1868
834 1869
835 1864
836 1899
837 1881
838 1858
839 1901
840 1865
841 1900
842 1857
843 1886
844 1943
845 1870
846 1804
847 1885
848 1855
849 1839
850 1895
851 1888
852 1858
853 1835
854 1908
855 1904
856 1931
857 1890
858 1868
859 1891
860 1867
861 1881
862 1916
863 1841
864 1899
865 1889
866 1895
867 1900
868 1862
869 1846
870 1858
871 1812
872 1863
873 1851
874 1885
875 1902
876 1870
877 1889
878 1898
879 1834
880 1890
881 1907
882 1878
883 1873
884 1862
885 1858
886 1866
887 1898
888 1895
889 1907
890 1924
891 1838
892 1922
893 1879
894 1901
895 1871
896 1885
897 1940
898 1897
899 1897
900 1826
901 1859
902 1905
903 1945
904 1896
905 1899
906 1841
907 1936
908 1912
909 1889
910 1908
911 1872
912 1807
913 1874
914 1895
915 1870
916 1893
917 1935
918 1918
919 1888
920 1896
921 1893
922 1879
923 1899
924 1924
925 1823
926 1873
927 1876
928 1893
929 1864
930 1843
931 1916
932 1892
933 1898
934 1889
935 1884
936 1855
937 1868
938 1866
939 1881
940 1873
941 1795
942 1859
943 1868
944 1878
945 1923
946 1925
947 1908
948 1846
949 1839
950 1918
951 1888
952 1839
953 1940
954 1885
955 1894
956 1899
957 1840
958 1878
959 1938
960 1957
961 1886
962 1878
963 1898
964 1874
965 1917
966 1876
967 1846
968 1915
969 1897
970 1872
971 1846
972 1921
973 1893
974 1842
975 1932
976 1842
977 1854
978 1858
979 1917
980 1888
981 1938
982 1886
983 1889
984 1892
985 1906
986 1859
987 1891
988 1873
989 1899
990 1889
991 1875
992 1859
993 1834
994 1866
995 1858
996 1870
997 1906
998 1910
999 1895
1000 1909
1001 1867
1002 1878
1003 1864
1004 1900
1005 1873
1006 1816
1007 1850
1008 1879
1009 1897
1010 1895
1011 1860
1012 1898
1013 1850
1014 1907
1015 1863
1016 1891
1017 1873
1018 1840
1019 1842
1020 1892
1021 1876
1022 1890
1023 1903
1024 1916
1025 1904
1026 1867
1027 1862
1028 1944
1029 1879
1030 1874
1031 1849
1032 1872
1033 1853
1034 1918
1035 1905
1036 1892
1037 1847
1038 1927
1039 1928
1040 1903
1041 1877
1042 1859
1043 1898
1044 1933
1045 1869
1046 1906
1047 1845
1048 1896
1049 1836
1050 1887
1051 1907
1052 1849
1053 1902
1054 1887
1055 1891
1056 1916
1057 1867
1058 1886
1059 1906
1060 1914
1061 1854
1062 1827
1063 1857
1064 1865
1065 1861
1066 1853
1067 1888
1068 1815
1069 1878
1070 1857
1071 1870
1072 1867
1073 1873
1074 1944
1075 1932
1076 1872
1077 1891
1078 1861
1079 1857
1080 1905
1081 1858
1082 1862
1083 1912
1084 1891
1085 1889
1086 1907
1087 1848
1088 1885
1089 1912
1090 1878
1091 1910
1092 1880
1093 1911
1094 1938
1095 1839
1096 1904
1097 1907
1098 1915
1099 1883
1100 1889
1101 1864
1102 1867
1103 1909
1104 1904
1105 1864
1106 1931
1107 1957
1108 1888
1109 1869
1110 1895
1111 1880
1112 1880
1113 1899
1114 1931
1115 1883
1116 1854
1117 1861
1118 1870
1119 1879
1120 1895
1121 1927
1122 1904
1123 1855
1124 1880
1125 1864
1126 1827
1127 1878
1128 1889
1129 1902
1130 1855
1131 1914
1132 1922
1133 1877
1134 1890
1135 1863
1136 1903
1137 1865
1138 1914
1139 1918
1140 1841
1141 1918
1142 1869
1143 1880
1144 1872
1145 1870
1146 1830
1147 1821
1148 1924
1149 1849
1150 1964
1151 1870
1152 1873
1153 1919
1154 1898
1155 1938
1156 1897
1157 1955
1158 1918
1159 1873
1160 1847
1161 1820
1162 1904
1163 1873
1164 1881
1165 1861
1166 1838
1167 1878
1168 1866
1169 1961
1170 1817
1171 1910
1172 1841
1173 1876
1174 1894
1175 1869
1176 1927
1177 1891
1178 1869
1179 1902
1180 1876
1181 1848
1182 1871
1183 1835
1184 1883
1185 1879
1186 1935
1187 1866
1188 1937
1189 1868
1190 1877
1191 1905
1192 1915
1193 1904
1194 1882
1195 1851
1196 1867
1197 1891
1198 1888
1199 1857
1200 1923
1201 1914
1202 1892
1203 1883
1204 1923
1205 1880
1206 1899
1207 1936
1208 1883
1209 1851
1210 1881
1211 1890
1212 1903
1213 1900
1214 1853
1215 1841
1216 1920
1217 1881
1218 1856
1219 1887
1220 1930
1221 1902
1222 1916
1223 1863
1224 1910
1225 1874
1226 1853
1227 1872
1228 1837
1229 1845
1230 1879
1231 1896
1232 1853
1233 1881
1234 1900
1235 1871
1236 1876
1237 1893
1238 1856
1239 1891
1240 1858
1241 1913
1242 1907
1243 1864
1244 1899
1245 1848
1246 1867
1247 1879
1248 1886
1249 1888
1250 1907
1251 1903
1252 1869
1253 1852
1254 1854
1255 1841
1256 1898
1257 1860
1258 1876
1259 1877
1260 1876
1261 1932
1262 1900
1263 1890
1264 1903
1265 1858
1266 1881
1267 1884
1268 1905
1269 1875
1270 1841
1271 1857
1272 1947
1273 1815
1274 1953
1275 1924
1276 1875
1277 1923
1278 1966
1279 1944
1280 1881
1281 1917
1282 1865
1283 1924
1284 1860
1285 1874
1286 1950
1287 1900
1288 1880
1289 1933
1290 1897
1291 1811
1292 1906
1293 1868
1294 1883
1295 1901
1296 1881
1297 1903
1298 1896
1299 1940
1300 1894
1301 1859
1302 1923
1303 1872
1304 1906
1305 1932
1306 1874
1307 1863
1308 1908
1309 1885
1310 1922
1311 1881
1312 1888
1313 1881
1314 1891
1315 1929
1316 1927
1317 1889
1318 1912
1319 1913
1320 1895
1321 1874
1322 1853
1323 1870
1324 1929
1325 1875
1326 1869
1327 1920
1328 1885
1329 1863
1330 1926
1331 1916
1332 1912
1333 1927
1334 1889
1335 1883
1336 1888
1337 1869
1338 1862
1339 1837
1340 1898
1341 1919
1342 1860
1343 1908
1344 1830
1345 1895
1346 1883
1347 1890
1348 1878
1349 1848
1350 1847
1351 1864
1352 1894
1353 1911
1354 1874
1355 1870
1356 1840
1357 1885
1358 1909
1359 1888
1360 1845
1361 1951
1362 1875
1363 1884
1364 1903
1365 1862
1366 1863
1367 1902
1368 1895
1369 1895
1370 1873
1371 1891
1372 1870
1373 1886
1374 1875
1375 1965
1376 1890
1377 1837
1378 1915
1379 1848
1380 1883
1381 1889
1382 1896
1383 1873
1384 1849
1385 1892
1386 1943
1387 1921
1388 1865
1389 1901
1390 1862
1391 1841
1392 1889
1393 1887
1394 1875
1395 1849
1396 1820
1397 1889
1398 1870
1399 1865
1400 1857
1401 1855
1402 1910
1403 1909
1404 1849
1405 1896
1406 1876
1407 1865
1408 1865
1409 1872
1410 1913
1411 1867
1412 1899
1413 1877
1414 1886
1415 1896
1416 1870
1417 1843
1418 1923
1419 1862
1420 1887
1421 1903
1422 1922
1423 1862
1424 1852
1425 1889
1426 1845
1427 1883
1428 1889
1429 1921
1430 1880
1431 1870
1432 1878
1433 1907
1434 1895
1435 1913
1436 1887
1437 1876
1438 1910
1439 1936
1440 1927
1441 1910
1442 1867
1443 1849
1444 1871
1445 1901
1446 1842
1447 1903
1448 1871
1449 1871
1450 1864
1451 1937
1452 1881
1453 1925
1454 1860
1455 1840
1456 1889
1457 1886
1458 1957
1459 1888
1460 1928
1461 1888
1462 1884
1463 1866
1464 1885
1465 1910
1466 1864
1467 1865
1468 1841
1469 1932
1470 1914
1471 1890
1472 1842
1473 1898
1474 1856
1475 1928
1476 1837
1477 1952
1478 1867
1479 1870
1480 1923
1481 1888
1482 1931
1483 1828
1484 1920
1485 1870
1486 1909
1487 1857
1488 1874
1489 1874
1490 1912
1491 1869
1492 1840
1493 1881
1494 1907
1495 1918
1496 1889
1497 1917
1498 1857
1499 1890
1500 1921
1501 1874
1502 1903
1503 1876
1504 1884
1505 1903
1506 1924
1507 1848
1508 1861
1509 1905
1510 1843
1511 1900
1512 1900
1513 1861
1514 1863
1515 1915
1516 1914
1517 1912
1518 1890
1519 1908
1520 1879
1521 1950
1522 1894
1523 1881
1524 1944
1525 1856
1526 1830
1527 1833
1528 1876
1529 1891
1530 1912
1531 1873
1532 1896
1533 1881
1534 1863
1535 1863
1536 1932
1537 1884
1538 1881
1539 1828
1540 1857
1541 1844
1542 1938
1543 1882
1544 1874
1545 1877
1546 1835
1547 1865
1548 1868
1549 1909
1550 1894
1551 1897
1552 1912
1553 1843
1554 1931
1555 1908
1556 1882
1557 1862
1558 1856
1559 1905
1560 1922
1561 1907
1562 1865
1563 1846
1564 1898
1565 1864
1566 1826
1567 1907
1568 1828
1569 1921
1570 1835
1571 1910
1572 1844
1573 1846
1574 1894
1575 1925
1576 1925
1577 1923
1578 1919
1579 1822
1580 1858
1581 1822
1582 1896
1583 1875
1584 1834
1585 1912
1586 1839
1587 1876
1588 1880
1589 1893
1590 1898
1591 1894
1592 1858
1593 1901
1594 1839
1595 1886
1596 1867
1597 1868
1598 1843
1599 1855
1600 1885
1601 1827
1602 1885
1603 1893
1604 1915
1605 1858
1606 1922
1607 1892
1608 1892
1609 1888
1610 1828
1611 1867
1612 1841
1613 1859
1614 1931
1615 1890
1616 1854
1617 1827
1618 1896
1619 1857
1620 1859
1621 1837
1622 1846
1623 1892
1624 1834
1625 1909
1626 1931
1627 1819
1628 1884
1629 1910
1630 1895
1631 1879
1632 1861
1633 1868
1634 1923
1635 1876
1636 1864
1637 1922
1638 1925
1639 1933
1640 1898
1641 1861
1642 1870
1643 1903
1644 1884
1645 1893
1646 1872
1647 1882
1648 1848
1649 1929
1650 1883
1651 1884
1652 1911
1653 1891
1654 1870
1655 1906
1656 1862
1657 1906
1658 1851
1659 1976
1660 1878
1661 1832
1662 1931
1663 1915
1664 1915
1665 1905
1666 1873
1667 1873
1668 1928
1669 1865
1670 1869
1671 1908
1672 1912
1673 1854
1674 1887
1675 1873
1676 1882
1677 1870
1678 1896
1679 1891
1680 1874
1681 1863
1682 1885
1683 1878
1684 1824
1685 1840
1686 1849
1687 1862
1688 1861
1689 1889
1690 1915
1691 1856
1692 1924
1693 1916
1694 1867
1695 1865
1696 1896
1697 1934
1698 1923
1699 1907
1700 1865
1701 1911
1702 1832
1703 1890
1704 1883
1705 1884
1706 1872
1707 1894
1708 1872
1709 1869
1710 1897
1711 1806
1712 1885
1713 1860
1714 1896
1715 1925
1716 1897
1717 1959
1718 1972
1719 1911
1720 1838
1721 1918
1722 1858
1723 1877
1724 1869
1725 1869
1726 1910
1727 1935
1728 1859
1729 1890
1730 1928
1731 1837
1732 1844
1733 1897
1734 1881
1735 1929
1736 1836
1737 1886
1738 1887
1739 1910
1740 1890
1741 1867
1742 1924
1743 1874
1744 1874
1745 1884
1746 1852
1747 1874
1748 1897
1749 1876
1750 1876
1751 1870
1752 1916
1753 1927
1754 1874
1755 1855
1756 1895
1757 1901
1758 1939
1759 1840
1760 1916
1761 1826
1762 1897
1763 1910
1764 1853
1765 1890
1766 1926
1767 1933
1768 1861
1769 1884
1770 1890
1771 1862
1772 1885
1773 1850
1774 1920
1775 1894
1776 1880
1777 1882
1778 1889
1779 1859
1780 1890
1781 1876
1782 1937
1783 1843
1784 1848
1785 1855
1786 1905
1787 1865
1788 1897
1789 1825
1790 1837
1791 1894
1792 1871
1793 1905
1794 1903
1795 1911
1796 1900
1797 1909
1798 1833
1799 1836
1800 1866
1801 1827
1802 1890
1803 1876
1804 1885
1805 1917
1806 1942
1807 1859
1808 1902
1809 1922
1810 1910
1811 1848
1812 1868
1813 1852
1814 1930
1815 1883
1816 1876
1817 1906
1818 1861
1819 1900
1820 1855
1821 1890
1822 1881
1823 1885
1824 1836
1825 1946
1826 1908
1827 1885
1828 1857
1829 1922
1830 1886
1831 1845
1832 1910
1833 1859
1834 1915
1835 1866
1836 1860
1837 1921
1838 1894
1839 1871
1840 1858
1841 1911
1842 1849
1843 1879
1844 1868
1845 1905
1846 1904
1847 1936
1848 1897
1849 1892
1850 1829
1851 1900
1852 1914
1853 1879
1854 1846
1855 1918
1856 1844
1857 1887
1858 1858
1859 1851
1860 1862
1861 1953
1862 1854
1863 1868
1864 1860
1865 1928
1866 1890
1867 1906
1868 1882
1869 1953
1870 1863
1871 1859
1872 1926
1873 1912
1874 1834
1875 1931
1876 1919
1877 1900
1878 1894
1879 1866
1880 1914
1881 1910
1882 1845
1883 1867
1884 1898
1885 1840
1886 1854
1887 1859
1888 1877
1889 1899
1890 1882
1891 1855
1892 1858
1893 1862
1894 1896
1895 1923
1896 1917
1897 1890
1898 1885
1899 1906
1900 1880
1901 1917
1902 1869
1903 1851
1904 1916
1905 1911
1906 1868
1907 1849
1908 1902
1909 1897
1910 1881
1911 1881
1912 1878
1913 1941
1914 1845
1915 1856
1916 1924
1917 1854
1918 1880
1919 1887
1920 1882
1921 1853
1922 1862
1923 1886
1924 1877
1925 1936
1926 1854
1927 1859
1928 1872
1929 1870
1930 1864
1931 1871
1932 1918
1933 1884
1934 1839
1935 1942
1936 1858
1937 1876
1938 1884
1939 1850
1940 1855
1941 1820
1942 1864
1943 1880
1944 1892
1945 1869
1946 1864
1947 1892
1948 1847
1949 1902
1950 1905
1951 1854
1952 1872
1953 1847
1954 1856
1955 1893
1956 1868
1957 1904
1958 1853
1959 1880
1960 1909
1961 1895
1962 1904
1963 1919
1964 1871
1965 1898
1966 1870
1967 1822
1968 1839
1969 1893
1970 1842
1971 1934
1972 1939
1973 1794
1974 1876
1975 1917
1976 1918
1977 1913
1978 1827
1979 1903
1980 1881
1981 1896
1982 1899
1983 1852
1984 1870
1985 1844
1986 1841
1987 1842
1988 1848
1989 1892
1990 1894
1991 1909
1992 1868
1993 1889
1994 1887
1995 1875
1996 1870
1997 1892
1998 1836
1999 1890
2000 1873
2001 1849
2002 1878
2003 1861
2004 1862
2005 1897
2006 1853
2007 1843
2008 1888
2009 1900
2010 1888
2011 1910
2012 1897
2013 1902
2014 1906
2015 1936
2016 1934
2017 1903
2018 1899
2019 1890
2020 1840
2021 1849
2022 1879
2023 1877
2024 1909
2025 1876
2026 1897
2027 1873
2028 1878
2029 1896
2030 1928
2031 1930
2032 1825
2033 1861
2034 1892
2035 1886
2036 1872
2037 1886
2038 1945
2039 1862
2040 1875
2041 1872
2042 1856
2043 1955
2044 1915
2045 1882
2046 1867
2047 1813
2048 1901
2049 1865
2050 1915
2051 1835
2052 1922
2053 1897
2054 1906
2055 1857
2056 1835
2057 1863
2058 1929
2059 1879
2060 1894
2061 1859
2062 1870
2063 1882
2064 1870
2065 1898
2066 1895
2067 1859
2068 1849
2069 1896
2070 1904
2071 1858
2072 1861
2073 1900
2074 1918
2075 1873
2076 1853
2077 1883
2078 1913
2079 1897
2080 1894
2081 1848
2082 1879
2083 1890
2084 1930
2085 1854
2086 1881
2087 1871
2088 1838
2089 1921
2090 1798
2091 1932
2092 1899
2093 1863
2094 1861
2095 1899
2096 1892
2097 1885
2098 1897
2099 1906
2100 1868
2101 1923
2102 1865
2103 1900
2104 1876
2105 1874
2106 1886
2107 1911
2108 1888
2109 1896
2110 1883
2111 1864
2112 1867
2113 1926
2114 1859
2115 1924
2116 1872
2117 1890
2118 1925
2119 1890
2120 1854
2121 1923
2122 1857
2123 1890
2124 1841
2125 1839
2126 1896
2127 1865
2128 1867
2129 1919
2130 1905
2131 1826
2132 1900
2133 1892
2134 1913
2135 1890
2136 1900
2137 1812
2138 1877
2139 1887
2140 1920
2141 1886
2142 1888
2143 1894
2144 1944
2145 1875
2146 1919
2147 1874
2148 1806
2149 1888
2150 1881
2151 1873
2152 1918
2153 1892
2154 1881
2155 1851
2156 1849
2157 1884
2158 1890
2159 1919
2160 1879
2161 1829
2162 1880
2163 1932
2164 1883
2165 1859
2166 1902
2167 1913
2168 1852
2169 1880
2170 1852
2171 1877
2172 1867
2173 1844
2174 1895
2175 1837
2176 1915
2177 1893
2178 1883
2179 1928
2180 1903
2181 1877
2182 1914
2183 1885
2184 1871
2185 1884
2186 1854
2187 1913
2188 1933
2189 1873
2190 1912
2191 1868
2192 1884
2193 1893
2194 1944
2195 1893
2196 1850
2197 1902
2198 1879
2199 1845
2200 1912
2201 1898
2202 1821
2203 1890
2204 1875
2205 1844
2206 1850
2207 1868
2208 1877
2209 1888
2210 1901
2211 1878
2212 1942
2213 1862
2214 1905
2215 1833
2216 1857
2217 1880
2218 1858
2219 1855
2220 1912
2221 1907
2222 1889
2223 1881
2224 1837
2225 1914
2226 1877
2227 1930
2228 1918
2229 1933
2230 1900
2231 1803
2232 1885
2233 1918
2234 1896
2235 1914
2236 1914
2237 1879
2238 1866
2239 1907
2240 1829
2241 1934
2242 1893
2243 1884
2244 1932
2245 1845
2246 1823
2247 1838
2248 1931
2249 1912
2250 1925
2251 1838
2252 1877
2253 1850
2254 1885
2255 1861
2256 1883
2257 1920
2258 1864
2259 1872
2260 1910
2261 1887
2262 1919
2263 1878
2264 1906
2265 1893
2266 1960
2267 1867
2268 1876
2269 1859
2270 1870
2271 1881
2272 1855
2273 1886
2274 1852
2275 1948
2276 1861
2277 1925
2278 1814
2279 1819
2280 1833
2281 1944
2282 1897
2283 1880
2284 1864
2285 1915
2286 1868
2287 1892
2288 1927
2289 1928
2290 1893
2291 1922
2292 1952
2293 1855
2294 1929
2295 1866
2296 1899
2297 1905
2298 1884
2299 1865
2300 1893
2301 1947
2302 1885
2303 1834
2304 1922
2305 1868
2306 1908
2307 1929
2308 1850
2309 1870
2310 1835
2311 1887
2312 1887
2313 1880
2314 1899
2315 1896
2316 1875
2317 1861
2318 1863
2319 1877
2320 1867
2321 1851
2322 1911
2323 1867
2324 1863
2325 1815
2326 1922
2327 1851
2328 1881
2329 1922
2330 1913
2331 1871
2332 1859
2333 1857
2334 1871
2335 1884
2336 1886
2337 1897
2338 1898
2339 1832
2340 1883
2341 1870
2342 1910
2343 1843
2344 1902
2345 1852
2346 1875
2347 1917
2348 1911
2349 1878
2350 1879
2351 1900
2352 1890
2353 1889
2354 1870
2355 1897
2356 1912
2357 1878
2358 1799
2359 1904
2360 1850
2361 1908
2362 1876
2363 1901
2364 1852
2365 1831
2366 1952
2367 1809
2368 1843
2369 1858
2370 1863
2371 1890
2372 1863
2373 1874
2374 1913
2375 1890
2376 1860
2377 1874
2378 1881
2379 1904
2380 1893
2381 1895
2382 1865
2383 1875
2384 1887
2385 1946
2386 1903
2387 1904
2388 1864
2389 1873
2390 1832
2391 1910
2392 1900
2393 1911
2394 1856
2395 1855
2396 1885
2397 1841
2398 1904
2399 1871
2400 1839
2401 1889
2402 1842
2403 1864
2404 1869
2405 1873
2406 1932
2407 1852
2408 1855
2409 1905
2410 1827
2411 1952
2412 1865
2413 1931
2414 1831
2415 1876
2416 1925
2417 1874
2418 1890
2419 1918
2420 1856
2421 1866
2422 1857
2423 1893
2424 1912
2425 1836
2426 1894
2427 1940
2428 1855
2429 1883
2430 1879
2431 1908
2432 1862
2433 1928
2434 1884
2435 1837
2436 1936
2437 1901
2438 1896
2439 1899
2440 1926
2441 1851
2442 1869
2443 1899
2444 1919
2445 1898
2446 1885
2447 1869
2448 1824
2449 1833
2450 1852
2451 1873
2452 1914
2453 1885
2454 1871
2455 1892
2456 1861
2457 1883
2458 1875
2459 1896
2460 1908
2461 1842
2462 1870
2463 1942
2464 1848
2465 1905
2466 1881
2467 1933
2468 1846
2469 1934
2470 1807
2471 1911
2472 1854
2473 1849
2474 1905
2475 1901
2476 1878
2477 1845
2478 1840
2479 1828
2480 1886
2481 1943
2482 1852
2483 1964
2484 1858
2485 1901
2486 1873
2487 1908
2488 1843
2489 1914
2490 1898
2491 1918
2492 1916
2493 1840
2494 1852
2495 1865
2496 1845
2497 1867
2498 1884
2499 1915
2500 1859
2501 1835
2502 1883
2503 1840
2504 1888
2505 1895
2506 1912
2507 1882
2508 1889
2509 1917
2510 1899
2511 1939
2512 1855
2513 1935
2514 1885
2515 1864
2516 1903
2517 1950
2518 1881
2519 1887
2520 1885
2521 1830
2522 1859
2523 1833
2524 1869
2525 1871
2526 1881
2527 1922
2528 1861
2529 1858
2530 1840
2531 1820
2532 1897
2533 1830
2534 1874
2535 1855
2536 1866
2537 1867
2538 1902
2539 1858
2540 1924
2541 1872
2542 1858
2543 1847
2544 1882
2545 1859
2546 1908
2547 1868
2548 1933
2549 1884
2550 1846
2551 1927
2552 1856
2553 1852
2554 1903
2555 1853
2556 1876
2557 1898
2558 1893
2559 1887
2560 1880
2561 1938
2562 1877
2563 1945
2564 1883
2565 1815
2566 1855
2567 1880
2568 1912
2569 1901
2570 1892
2571 1883
2572 1880
2573 1931
2574 1909
2575 1897
2576 1878
2577 1865
2578 1915
2579 1899
2580 1896
2581 1902
2582 1876
2583 1890
2584 1839
2585 1904
2586 1884
2587 1887
2588 1833
2589 1887
2590 1872
2591 1968
2592 1830
2593 1889
2594 1863
2595 1878
2596 1849
2597 1864
2598 1845
2599 1909
2600 1855
2601 1861
2602 1878
2603 1880
2604 1906
2605 1878
2606 1889
2607 1895
2608 1860
2609 1909
2610 1884
2611 1881
2612 1866
2613 1897
2614 1844
2615 1874
2616 1866
2617 1899
2618 1870
2619 1867
2620 1884
2621 1867
2622 1920
2623 1902
2624 1841
2625 1873
2626 1861
2627 1933
2628 1872
2629 1862
2630 1875
2631 1902
2632 1931
2633 1909
2634 1904
2635 1898
2636 1863
2637 1871
2638 1845
2639 1873
2640 1922
2641 1847
2642 1877
2643 1846
2644 1919
2645 1882
2646 1837
2647 1893
2648 1900
2649 1872
2650 1862
2651 1891
2652 1796
2653 1850
2654 1859
2655 1935
2656 1894
2657 1896
2658 1953
2659 1911
2660 1859
2661 1909
2662 1906
2663 1920
2664 1884
2665 1881
2666 1897
2667 1875
2668 1906
2669 1863
2670 1911
2671 1861
2672 1844
2673 1890
2674 1903
2675 1869
2676 1908
2677 1856
2678 1917
2679 1936
2680 1962
2681 1904
2682 1866
2683 1935
2684 1883
2685 1888
2686 1870
2687 1897
2688 1896
2689 1937
2690 1873
2691 1847
2692 1944
2693 1924
2694 1901
2695 1914
2696 1851
2697 1884
2698 1908
2699 1916
2700 1890
2701 1892
2702 1936
2703 1876
2704 1864
2705 1910
2706 1852
2707 1845
2708 1862
2709 1855
2710 1883
2711 1905
2712 1923
2713 1862
2714 1852
2715 1907
2716 1880
2717 1860
2718 1910
2719 1892
2720 1809
2721 1872
2722 1913
2723 1865
2724 1895
2725 1861
2726 1900
2727 1905
2728 1872
2729 1898
2730 1925
2731 1919
2732 1893
2733 1868
2734 1890
2735 1888
2736 1877
2737 1920
2738 1902
2739 1855
2740 1801
2741 1875
2742 1834
2743 1887
2744 1881
2745 1892
2746 1863
2747 1835
2748 1859
2749 1902
2750 1894
2751 1867
2752 1894
2753 1909
2754 1903
2755 1837
2756 1888
2757 1895
2758 1894
2759 1890
2760 1857
2761 1944
2762 1891
2763 1888
2764 1855
2765 1873
2766 1929
2767 1847
2768 1910
2769 1902
2770 1847
2771 1864
2772 1895
2773 1815
2774 1881
2775 1858
2776 1906
2777 1925
2778 1883
2779 1856
2780 1845
2781 1928
2782 1936
2783 1855
2784 1922
2785 1921
2786 1893
2787 1914
2788 1927
2789 1829
2790 1829
2791 1891
2792 1970
2793 1902
2794 1883
2795 1946
2796 1856
2797 1884
2798 1920
2799 1890
2800 1917
2801 1871
2802 1939
2803 1920
2804 1896
2805 1864
2806 1854
2807 1822
2808 1920
2809 1864
2810 1838
2811 1845
2812 1869
2813 1895
2814 1850
2815 1856
2816 1867
2817 1899
2818 1904
2819 1864
2820 1969
2821 1912
2822 1875
2823 1910
2824 1860
2825 1864
2826 1932
2827 1906
2828 1899
2829 1902
2830 1911
2831 1944
2832 1877
2833 1906
2834 1884
2835 1846
2836 1878
2837 1854
2838 1895
2839 1873
2840 1892
2841 1883
2842 1924
2843 1877
2844 1836
2845 1822
2846 1936
2847 1901
2848 1900
2849 1833
2850 1910
2851 1911
2852 1879
2853 1891
2854 1893
2855 1885
2856 1913
2857 1908
2858 1909
2859 1881
2860 1951
2861 1850
2862 1898
2863 1905
2864 1856
2865 1905
2866 1823
2867 1883
2868 1891
2869 1921
2870 1843
2871 1939
2872 1927
2873 1869
2874 1866
2875 1883
2876 1871
2877 1850
2878 1864
2879 1848
2880 1942
2881 1854
2882 1855
2883 1895
2884 1931
2885 1868
2886 1885
2887 1904
2888 1847
2889 1889
2890 1891
2891 1886
2892 1857
2893 1898
2894 1853
2895 1903
2896 1871
2897 1889
2898 1936
2899 1880
2900 1856
2901 1890
2902 1867
2903 1862
2904 1875
2905 1845
2906 1946
2907 1857
2908 1880
2909 1925
2910 1836
2911 1947
2912 1953
2913 1874
2914 1877
2915 1910
2916 1902
2917 1871
2918 1897
2919 1851
2920 1872
2921 1896
2922 1909
2923 1891
2924 1857
2925 1900
2926 1887
2927 1822
2928 1927
2929 1903
2930 1910
2931 1868
2932 1929
2933 1900
2934 1847
2935 1887
2936 1862
2937 1886
2938 1838
2939 1857
2940 1849
2941 1922
2942 1874
2943 1847
2944 1910
2945 1913
2946 1888
2947 1855
2948 1871
2949 1875
2950 1856
2951 1878
2952 1877
2953 1889
2954 1944
2955 1907
2956 1892
2957 1890
2958 1855
2959 1928
2960 1835
2961 1891
2962 1874
2963 1949
2964 1843
2965 1862
2966 1884
2967 1784
2968 1910
2969 1916
2970 1841
2971 1849
2972 1870
2973 1883
2974 1895
2975 1918
2976 1911
2977 1919
2978 1870
2979 1901
2980 1884
2981 1915
2982 1891
2983 1932
2984 1887
2985 1862
2986 1910
2987 1886
2988 1861
2989 1879
2990 1882
2991 1881
2992 1846
2993 1900
2994 1821
2995 1908
2996 1839
2997 1896
2998 1850
2999 1873
3000 1814
3001 1935
3002 1872
3003 1818
3004 1899
3005 1853
3006 1893
3007 1913
3008 1822
3009 1915
3010 1892
3011 1871
3012 1833
3013 1913
3014 1906
3015 1952
3016 1897
3017 1809
3018 1923
3019 1885
3020 1847
3021 1870
3022 1924
3023 1894
3024 1897
3025 1896
3026 1893
3027 1861
3028 1917
3029 1933
3030 1863
3031 1856
3032 1898
3033 1806
3034 1896
3035 1889
3036 1855
3037 1809
3038 1907
3039 1936
3040 1844
3041 1885
3042 1919
3043 1884
3044 1870
3045 1864
3046 1900
3047 1870
3048 1891
3049 1855
3050 1917
3051 1920
3052 1904
3053 1875
3054 1881
3055 1915
3056 1855
3057 1887
3058 1882
3059 1904
3060 1859
3061 1936
3062 1897
3063 1903
3064 1840
3065 1876
3066 1870
3067 1875
3068 1860
3069 1926
3070 1899
3071 1903
3072 1944
3073 1883
3074 1889
3075 1897
3076 1823
3077 1870
3078 1860
3079 1869
3080 1871
3081 1892
3082 1911
3083 1932
3084 1859
3085 1891
3086 1896
3087 1874
3088 1868
3089 1927
3090 1892
3091 1887
3092 1883
3093 1924
3094 1928
3095 1885
3096 1902
3097 1934
3098 1890
3099 1885
3100 1861
3101 1906
3102 1855
3103 1898
3104 1900
3105 1803
3106 1855
3107 1870
3108 1902
3109 1938
3110 1898
3111 1883
3112 1844
3113 1870
3114 1932
3115 1868
3116 1880
3117 1857
3118 1870
3119 1872
3120 1897
3121 1880
3122 1899
3123 1890
3124 1888
3125 1908
3126 1866
3127 1886
3128 1872
3129 1857
3130 1887
3131 1891
3132 1833
3133 1922
3134 1888
3135 1893
3136 1920
3137 1840
3138 1909
3139 1879
3140 1885
3141 1860
3142 1856
3143 1896
3144 1883
3145 1840
3146 1876
3147 1902
3148 1887
3149 1904
3150 1882
3151 1908
3152 1861
3153 1848
3154 1866
3155 1885
3156 1910
3157 1888
3158 1793
3159 1897
3160 1869
3161 1838
3162 1914
3163 1909
3164 1857
3165 1864
3166 1912
3167 1882
3168 1902
3169 1940
3170 1835
3171 1854
3172 1896
3173 1935
3174 1877
3175 1905
3176 1850
3177 1887
3178 1893
3179 1837
3180 1833
3181 1896
3182 1883
3183 1815
3184 1840
3185 1877
3186 1836
3187 1872
3188 1844
3189 1855
3190 1922
3191 1877
3192 1904
3193 1848
3194 1822
3195 1809
3196 1945
3197 1865
3198 1919
3199 1913
3200 1920
3201 1873
3202 1903
3203 1873
3204 1842
3205 1880
3206 1851
3207 1871
3208 1951
3209 1846
3210 1922
3211 1830
3212 1885
3213 1901
3214 1870
3215 1867
3216 1837
3217 1878
3218 1906
3219 1904
3220 1918
3221 1897
3222 1865
3223 1868
3224 1873
3225 1918
3226 1893
3227 1875
3228 1894
3229 1886
3230 1898
3231 1941
3232 1829
3233 1920
3234 1862
3235 1897
3236 1845
3237 1935
3238 1886
3239 1883
3240 1886
3241 1900
3242 1911
3243 1928
3244 1853
3245 1884
3246 1862
3247 1883
3248 1950
3249 1844
3250 1864
3251 1875
3252 1884
3253 1850
3254 1874
3255 1882
3256 1877
3257 1931
3258 1853
3259 1984
3260 1883
3261 1842
3262 1825
3263 1926
3264 1897
3265 1827
3266 1942
3267 1902
3268 1859
3269 1873
3270 1920
3271 1889
3272 1856
3273 1951
3274 1892
3275 1853
3276 1842
3277 1889
3278 1892
3279 1890
3280 1919
3281 1864
3282 1919
3283 1899
3284 1843
3285 1894
3286 1868
3287 1892
3288 1880
3289 1837
3290 1879
3291 1936
3292 1879
3293 1874
3294 1871
3295 1904
3296 1916
3297 1864
3298 1884
3299 1871
3300 1868
3301 1885
3302 1869
3303 1830
3304 1879
3305 1900
3306 1861
3307 1894
3308 1863
3309 1920
3310 1873
3311 1900
3312 1905
3313 1825
3314 1891
3315 1867
3316 1887
3317 1853
3318 1842
3319 1840
3320 1925
3321 1862
3322 1866
3323 1900
3324 1929
3325 1893
3326 1894
3327 1844
3328 1885
3329 1963
3330 1878
3331 1890
3332 1898
3333 1858
3334 1889
3335 1855
3336 1864
3337 1872
3338 1941
3339 1902
3340 1820
3341 1929
3342 1889
3343 1897
3344 1889
3345 1872
3346 1904
3347 1856
3348 1839
3349 1922
3350 1890
3351 1847
3352 1833
3353 1847
3354 1866
3355 1892
3356 1878
3357 1838
3358 1874
3359 1883
3360 1877
3361 1924
3362 1936
3363 1826
3364 1826
3365 1837
3366 1863
3367 1857
3368 1834
3369 1881
3370 1871
3371 1898
3372 1929
3373 1890
3374 1894
3375 1872
3376 1881
3377 1870
3378 1869
3379 1878
3380 1874
3381 1838
3382 1829
3383 1890
3384 1959
3385 1879
3386 1884
3387 1859
3388 1882
3389 1902
3390 1864
3391 1919
3392 1887
3393 1945
3394 1910
3395 1913
3396 1932
3397 1903
3398 1913
3399 1902
3400 1893
3401 1900
3402 1923
3403 1884
3404 1895
3405 1863
3406 1876
3407 1877
3408 1868
3409 1898
3410 1841
3411 1917
3412 1901
3413 1898
3414 1842
3415 1893
3416 1864
3417 1877
3418 1888
3419 1866
3420 1913
3421 1904
3422 1848
3423 1886
3424 1891
3425 1938
3426 1894
3427 1888
3428 1906
3429 1886
3430 1901
3431 1897
3432 1903
3433 1882
3434 1922
3435 1904
3436 1898
3437 1909
3438 1897
3439 1878
3440 1894
3441 1858
3442 1914
3443 1867
3444 1861
3445 1863
3446 1874
3447 1904
3448 1881
3449 1906
3450 1896
3451 1903
3452 1899
3453 1902
3454 1908
3455 1865
3456 1884
3457 1900
3458 1948
3459 1879
3460 1865
3461 1882
3462 1891
3463 1896
3464 1875
3465 1849
3466 1899
3467 1917
3468 1904
3469 1899
3470 1946
3471 1869
3472 1821
3473 1872
3474 1864
3475 1869
3476 1919
3477 1890
3478 1874
3479 1878
3480 1837
3481 1873
3482 1869
3483 1879
3484 1882
3485 1834
3486 1874
3487 1890
3488 1865
3489 1940
3490 1926
3491 1853
3492 1893
3493 1919
3494 1895
3495 1843
3496 1894
3497 1904
3498 1838
3499 1919
3500 1910
3501 1820
3502 1868
3503 1855
3504 1925
3505 1834
3506 1885
3507 1929
3508 1900
3509 1885
3510 1828
3511 1872
3512 1875
3513 1882
3514 1876
3515 1818
3516 1852
3517 1878
3518 1901
3519 1878
3520 1873
3521 1925
3522 1882
3523 1929
3524 1910
3525 1899
3526 1861
3527 1871
3528 1884
3529 1893
3530 1876
3531 1853
3532 1891
3533 1852
3534 1925
3535 1903
3536 1821
3537 1853
3538 1880
3539 1820
3540 1963
3541 1845
3542 1890
3543 1901
3544 1884
3545 1887
3546 1905
3547 1917
3548 1840
3549 1878
3550 1905
3551 1857
3552 1894
3553 1880
3554 1880
3555 1847
3556 1926
3557 1841
3558 1845
3559 1842
3560 1870
3561 1856
3562 1876
3563 1933
3564 1871
3565 1901
3566 1902
3567 1881
3568 1892
3569 1891
3570 1830
3571 1938
3572 1924
3573 1852
3574 1905
3575 1907
3576 1870
3577 1888
3578 1852
3579 1866
3580 1881
3581 1911
3582 1930
3583 1914
3584 1881
3585 1912
3586 1919
3587 1876
3588 1919
3589 1924
3590 1865
3591 1869
3592 1917
3593 1913
3594 1842
3595 1832
3596 1861
3597 1883
3598 1884
3599 1937
3600 1867
3601 1879
3602 1890
3603 1899
3604 1887
3605 1867
3606 1900
3607 1830
3608 1878
3609 1881
3610 1840
3611 1845
3612 1886
3613 1853
3614 1865
3615 1866
3616 1890
3617 1881
3618 1905
3619 1909
3620 1896
3621 1909
3622 1917
3623 1895
3624 1873
3625 1891
3626 1870
3627 1896
3628 1869
3629 1920
3630 1884
3631 1912
3632 1874
3633 1858
3634 1906
3635 1866
3636 1904
3637 1865
3638 1889
3639 1842
3640 1845
3641 1900
3642 1872
3643 1795
3644 1848
3645 1923
3646 1863
3647 1896
3648 1908
3649 1873
3650 1885
3651 1881
3652 1908
3653 1882
3654 1854
3655 1843
3656 1870
3657 1908
3658 1897
3659 1873
3660 1847
3661 1913
3662 1856
3663 1849
3664 1918
3665 1904
3666 1856
3667 1945
3668 1882
3669 1890
3670 1912
3671 1923
3672 1839
3673 1911
3674 1908
3675 1838
3676 1882
3677 1949
3678 1875
3679 1921
3680 1847
3681 1948
3682 1860
3683 1901
3684 1893
3685 1906
3686 1932
3687 1830
3688 1852
3689 1905
3690 1875
3691 1866
3692 1923
3693 1883
3694 1897
3695 1857
3696 1906
3697 1921
3698 1909
3699 1862
3700 1907
3701 1966
3702 1837
3703 1878
3704 1883
3705 1859
3706 1874
3707 1892
3708 1949
3709 1836
3710 1849
3711 1932
3712 1880
3713 1871
3714 1892
3715 1928
3716 1905
3717 1859
3718 1853
3719 1921
3720 1886
3721 1823
3722 1881
3723 1970
3724 1881
3725 1859
3726 1903
3727 1930
3728 1840
3729 1942
3730 1923
3731 1851
3732 1878
3733 1877
3734 1892
3735 1924
3736 1906
3737 1864
3738 1869
3739 1935
3740 1905
3741 1916
3742 1926
3743 1917
3744 1891
3745 1886
3746 1921
3747 1933
3748 1890
3749 1875
3750 1933
3751 1896
3752 1860
3753 1845
3754 1923
3755 1899
3756 1866
3757 1872
3758 1871
3759 1807
3760 1868
3761 1876
3762 1883
3763 1878
3764 1895
3765 1839
3766 1875
3767 1871
3768 1886
3769 1894
3770 1844
